AppleWorks Gray 1
$Lin 0.0,0.5 1.0,0.5
@0.0 34952,34952,34952
@1.0 65535,65535,65535

AppleWorks Gray 2
$Lin 1.0,0.5 0.0,0.5
@0.0 34952,34952,34952
@1.0 65535,65535,65535

AppleWorks Gray 3
$Lin 0.5,1.0 0.5,0.0
@0.0 34952,34952,34952
@1.0 65535,65535,65535

AppleWorks Gray 4
$Lin 0.5,0.0 0.5,1.0
@0.0 34952,34952,34952
@1.0 65535,65535,65535

AppleWorks Gray 5
$Lin 0.0,0.0 1.0,1.0
@0.0 34952,34952,34952
@1.0 65535,65535,65535

AppleWorks Gray 6
$Lin 0.0,1.0 1.0,0.0
@0.0 34952,34952,34952
@1.0 65535,65535,65535

AppleWorks Gray 7
$Lin 1.0,0.0 0.0,1.0
@0.0 34952,34952,34952
@1.0 65535,65535,65535

AppleWorks Gray 8
$Lin 1.0,1.0 0.0,0.0
@0.0 34952,34952,34952
@1.0 65535,65535,65535

AppleWorks Gray 9
$Lin 0.0,0.5 1.0,0.5 Ref
@0.0 34952,34952,34952
@1.0 65535,65535,65535

AppleWorks Gray 10
$Lin 0.5,0.0 0.5,1.0 Ref
@0.0 34952,34952,34952
@1.0 65535,65535,65535

AppleWorks Gray 11
$Rec 0.0,0.0 1.0,1.0 0.8,0.8 0.8,0.8
@0.0 34952,34952,34952
@1.0 65535,65535,65535

AppleWorks Gray 12
$Rec 0.0,0.0 1.0,1.0 0.8,0.2 0.8,0.2
@0.0 34952,34952,34952
@1.0 65535,65535,65535

AppleWorks Gray 13
$Rec 0.0,0.0 1.0,1.0 0.2,0.8 0.2,0.8
@0.0 34952,34952,34952
@1.0 65535,65535,65535

AppleWorks Gray 14
$Rec 0.0,0.0 1.0,1.0 0.2,0.2 0.2,0.2
@0.0 34952,34952,34952
@1.0 65535,65535,65535

AppleWorks Gray 15
$Rec 0.0,0.0 1.0,1.0 0.5,0.5 0.5,0.5
@0.0 34952,34952,34952
@1.0 65535,65535,65535

AppleWorks Gray 16
$Ang 0.5,0.5 0.0,0.5 Ref
@0.0 0,0,0
@1.0 61166,61166,61166

AppleWorks Gray 17
$Lin 0.0,0.5 1.0,0.5
@0.0 34952,34952,34952
@0.333333 56797,56797,56797
@0.666667 34952,34952,34952
@1.0 61166,61166,61166

AppleWorks Gray 18
$Lin 1.0,0.5 0.0,0.5
@0.0 34952,34952,34952
@0.333333 56797,56797,56797
@0.666667 34952,34952,34952
@1.0 61166,61166,61166

AppleWorks Gray 19
$Lin 0.5,1.0 0.5,0.0
@0.0 34952,34952,34952
@0.333333 56797,56797,56797
@0.666667 34952,34952,34952
@1.0 61166,61166,61166

AppleWorks Gray 20
$Lin 0.5,0.0 0.5,1.0
@0.0 34952,34952,34952
@0.333333 56797,56797,56797
@0.666667 34952,34952,34952
@1.0 61166,61166,61166

AppleWorks Gray 21
$Lin 0.0,0.0 1.0,1.0
@0.0 34952,34952,34952
@0.333333 56797,56797,56797
@0.666667 34952,34952,34952
@1.0 61166,61166,61166

AppleWorks Gray 22
$Lin 0.0,1.0 1.0,0.0
@0.0 34952,34952,34952
@0.333333 56797,56797,56797
@0.666667 34952,34952,34952
@1.0 61166,61166,61166

AppleWorks Gray 23
$Lin 1.0,0.0 0.0,1.0
@0.0 34952,34952,34952
@0.333333 56797,56797,56797
@0.666667 34952,34952,34952
@1.0 61166,61166,61166

AppleWorks Gray 24
$Lin 1.0,1.0 0.0,0.0
@0.0 34952,34952,34952
@0.333333 56797,56797,56797
@0.666667 34952,34952,34952
@1.0 61166,61166,61166

AppleWorks Gray 25
$Lin 0.0,0.5 1.0,0.5 Ref
@0.0 34952,34952,34952
@0.333333 56797,56797,56797
@0.666667 34952,34952,34952
@1.0 61166,61166,61166

AppleWorks Gray 26
$Lin 0.5,0.0 0.5,1.0 Ref
@0.0 34952,34952,34952
@0.333333 56797,56797,56797
@0.666667 34952,34952,34952
@1.0 61166,61166,61166

AppleWorks Gray 27
$Rec 0.0,0.0 1.0,1.0 0.8,0.8 0.8,0.8
@0.0 34952,34952,34952
@0.333333 56797,56797,56797
@0.666667 34952,34952,34952
@1.0 61166,61166,61166

AppleWorks Gray 28
$Rec 0.0,0.0 1.0,1.0 0.8,0.2 0.8,0.2
@0.0 34952,34952,34952
@0.333333 56797,56797,56797
@0.666667 34952,34952,34952
@1.0 61166,61166,61166

AppleWorks Gray 29
$Rec 0.0,0.0 1.0,1.0 0.2,0.8 0.2,0.8
@0.0 34952,34952,34952
@0.333333 56797,56797,56797
@0.666667 34952,34952,34952
@1.0 61166,61166,61166

AppleWorks Gray 30
$Rec 0.0,0.0 1.0,1.0 0.2,0.2 0.2,0.2
@0.0 34952,34952,34952
@0.333333 56797,56797,56797
@0.666667 34952,34952,34952
@1.0 61166,61166,61166

AppleWorks Gray 31
$Rec 0.0,0.0 1.0,1.0 0.5,0.5 0.5,0.5
@0.0 34952,34952,34952
@0.333333 56797,56797,56797
@0.666667 34952,34952,34952
@1.0 61166,61166,61166

AppleWorks Gray 32
$Ang 0.5,0.5 0.0,0.5 Ref
@0.0 34952,34952,34952
@0.333333 56797,56797,56797
@0.666667 34952,34952,34952
@1.0 61166,61166,61166
